[objective]
minimize

[A]
0, 0, 0, 0, 0, 0, 0, 0, 0, 0, 0, 0, 0, 0, 0, 1, 0, 3, 9, 1
0, 0, 0, 0, 0, 0, 0, 3, 0, 0, 0, 0, 0, 0, 0, 0, 7, 0, 8, 1
0, 0, 0, 0, 0, 0, 1, 0, 0, 0, 0, 0, 1, 0, 1, 3, 0, 3, 0, 0
1, 1, 0, 0, 0, 0, 12, 5, 0, 0, 0, 0, 0, 0, 6, 0, 0, -1, 0, 0
0, 0, -3, -2, 7, -9, 0, 0, 0, 0, 0, 0, 1, 0, 0, 0, 5, 0, 0, 0
0, 0, 0, 0, 0, 1, 0, 0, 0, -7, 3, 1, 8, -9, 0, 0, 0, 0, 0, 0
-3, 1, 8, 0, 0, 0, 0, 0, 0, 0, 0, 0, 0, 0, 1, 0, 0, 0, 22, -1
5, 8, 7, 0, 0, 1, 2, 0, 0, 0, 0, 9, 0, 0, 7, 0, 0, 0, 0, 0
10, 0, 0, 0, 0, 2, 0, 0, 0, -1, 6, 0, 11, 0, 8, 0, 0, 0, -9, 0
2, 3, 0, -7, 4, 0, 0, 0, 18, 0, 1, 0, 0, 0, -9, 4, 0, 0, 0, 0
3, -7, 0, -2, 0, 3, 0, 8, 0, -4, 0, 11, 0, 5, 0, 0, 0, 0, 7, 0
22, 0, 8, 0, 8, 0, 18, 4, 0, -3, 19, 0, 0, 0, 0, 0, -8, 1, 0, 0
1, 3, -1, 7, 11, 0, 0, 18, 0, 0, 0, 0, 0, 5, 0, 0, 11, 1, 0, 4
-8, 0, 5, 0, -1, 0, 1, 0, 1, 5, -7, 0, 1, 0, 1, 0, 8, 0, 0, 2
4, 0, 0, 0, 0, 5, 0, 1, 0, 14, 0, 11, 1, -5, 1, 11, 0, 3, 0, 3

[b]
11
18
25
6
21
4
83
9
40
10
32
17
22
9
16

[constraint_types]
>=
>=
<=
<=
>=
>=
<=
<=
=
>=
>=
>=
>=
>=
>=

[c]
3, -2, 5, 1, -1, 2, 7, 3, 11, 22, -15, 9, 7, -13, 1, 8, 19, 4, -9, 10