[objective]
maximize

[A]
2, 0, 2, 0, 0, 0, 0, 0, 0, 0, 0, 1, 0, 0, 9, 0, 0, 0, 0, -3, 0, 0, 0, 0, 0, 0, 0, 0, 3, 0
2, 0, 0, 0, 5, 0, 0, 0, 0, 0, 0, 0, 2, 0, 2, 2, 0, 0, 0, 0, 0, 0, 0, 0, 0, 0, 0, 2, 0, 0
0, 1, 1, 1, 0, 0, 1, 2, 0, 0, 1, 0, 0, 8, 0, 0, 0, 0, 0, 0, 0, 0, 0, 0, 2, 0, 0, 0, 0, 0
0, 0, 0, 0, 0, 0, 0, 2, 0, 0, -1, -3, -3, 0, 0, 0, 0, 0, 2, 1, 0, 3, 1, 0, 0, 0, 0, 0, 0, 0
0, 0, 0, 0, 0, 0, 0, 0, 0, 0, -3, 0, 0, 1, 3, 2, 0, 1, 0, 0, 0, 2, 0, 0, 0, 2, 0, 0, 0, 0
0, 0, 0, 0, 0, 0, 0, 0, 0, 0, 0, 2, 0, 1, 2, 0, 0, 2, 0, 0, 0, 0, 0, 2, 2, 0, 3, 0, 0, 0
0, 1, 1, 1, 0, 0, 0, 2, 0, 2, 0, 0, 0, 0, 0, 0, 1, 1, 0, 1, 1, 1, 0, 0, 0, 0, 0, 0, 0, 0
4, 0, 0, 0, 0, 0, 0, 0, 2, 1, 0, 0, 3, 0, 0, 3, -9, 1, 0, 0, 0, 0, 0, 1, 0, 0, 5, 0, 4, 1
0, 0, 0, 0, -3, 0, 0, 0, 1, 0, 0, 2, 5, 0, 0, 4, 1, 0, 1, 0, 1, 0, 0, 0, 4, 0, -3, 0, 0, 2
5, 0, 1, 0, 1, 2, 0, 1, 2, -1, 0, 5, 0, 1, 1, 3, -9, 1, 0, 0, 0, 0, 0, 0, 0, 0, 0, 0, 0, 0
1, 0, 0, 0, 0, 2, 2, 0, 0, 0, 0, 0, 0, 2, 11, 1, 0, 0, 0, 0, -3, 0, 0, 10, 2, 8, 0, -3, 11, 0
0, 1, 0, 1, 0, 0, 1, 0, 1, 0, 2, 0, -9, 0, 0, 0, 2, 5, 0, 1, 1, 0, 0, 4, 0, 3, 5, 0, 0, 4
1, 0, 1, 2, 0, 2, 3, 2, 0, -2, 0, 0, 2, 0, -5, 0, 0, 0, 2, 3, 4, 0, 3, 0, 0, 0, 0, 4, 0, 0
0, 2, 0, 1, 5, 4, 2, 0, 0, 0, 0, 0, 3, 0, 0, 0, 8, 0, 2, 0, 1, 2, 2, 2, 10, -3, 2, 3, 2, 1

[b]
70
19
20
11
95
40
35
40
100
7
62
51
22
60

[constraint_types]
<=
<=
<=
<=
<=
<=
<=
<=
<=
<=
<=
<=
<=
<=

[c]
1, 2, 7, 2, 1, 4, 1, -5, 1, 2, 4, 7, 5, 3, 9, 5, 0, 1, 8, 6, 1, -3, 7, -1, -3, 2, 1, 9, 7, 4