[objective]
maximize

[A]
-3, -12, 8, 1, 0, 0, 0, 0, 7, -2
0, 1, 10, 0, 1, -1, 7, 1, 0, 0
5, 3, -1, 0, 0, 0, 0, 2, 0, 1
0, 0, 4, -2, 0, 5, 1, -9, 2, 0
0, 9, 0, -12, 7, -6, 0, 2, 12, 3
8, 5, -2, -7, 1, 0, -5, 0, 10, 0
1, 0, 0, 0, 0, 0, 0, 0, 0, 0
0, 1, 0, 0, 0, 0, 0, 0, 0, 0
0, 0, 1, 0, 0, 0, 0, 0, 0, 0
0, 0, 0, 1, 0, 0, 0, 0, 0, 0
0, 0, 0, 0, 1, 0, 0, 0, 0, 0
0, 0, 0, 0, 0, 1, 0, 0, 0, 0
0, 0, 0, 0, 0, 0, 1, 0, 0, 0
0, 0, 0, 0, 0, 0, 0, 1, 0, 0
0, 0, 0, 0, 0, 0, 0, 0, 1, 0
0, 0, 0, 0, 0, 0, 0, 0, 0, 1

[b]
8
13
6
8
12
16
1
1
1
1
1
1
1
1
1
1

[constraint_types]
<=
<=
<=
<=
<=
<=
<=
<=
<=
<=
<=
<=
<=
<=
<=
<=

[c]
10, -7, 1, -12, 2, 8, -3, -1, 5, 3