[objective]
maximize

[A]
2, -1, 1, 4, -3, 2, -1, 1, 3, -2
1, 3, -2, 2, 1, 1, -2, -4, 1, 1
4, -2, 1, 3, -1, 2, 2, 1, -1, 4
-1, 1, 3, 1, 1, 1, 1, 1, 2, -3
-3, 1, -2, 1, 2, 4, 1, -3, 1, 2
1, -2, 4, 1, 3, 2, -1, 2, 1, -5
-2, 3, 2, -1, 1, 1, 3, -1, 1, 4
1, 1, 2, -4, -1, 1, 1, 2, -3, 1
2, 1, -3, 1, 2, 2, -2, -1, 1, 3
1, 1,-2, 3, 2, 2, -3, 1, 1, 1
1, 0, 0, 0, 0, 0, 0, 0, 0, 0
0, 1, 0, 0, 0, 0, 0, 0, 0, 0
0, 0, 1, 0, 0, 0, 0, 0, 0, 0
0, 0, 0, 1, 0, 0, 0, 0, 0, 0
0, 0, 0, 0, 1, 0, 0, 0, 0, 0
0, 0, 0, 0, 0, 1, 0, 0, 0, 0
0, 0, 0, 0, 0, 0, 1, 0, 0, 0
0, 0, 0, 0, 0, 0, 0, 1, 0, 0
0, 0, 0, 0, 0, 0, 0, 0, 1, 0
0, 0, 0, 0, 0, 0, 0, 0, 0, 1

[b]
15
5
10
8
12
-4
6
10
7
6
0
0
0
0
0
0
0
0
0
0

[constraint_types]
<=
>=
=
<=
=
>=
=
<=
=
>=
>=
>=
>=
>=
>=
>=
>=
>=
>=
>=

[c]
3, -2, 5, 1, -4, 2, -1, 3, 2, -5